      1  1 81737 415 663 61112 1 2 3 4   6 7 8 9  11121314151617   32 2 111 12   4 4 3 1 2   4 5     8 9  11    14      18     4 6 3 2 3 5 312 8 3 2 2 2 31        3                  1                 6             11                              1     2                              1     2                  1  1               1  1                        1        3                        
      2  1 81728 313 763 61112 1 2 3 4 0 6 7 8 9 011121314151617   32 2 111 111  4 4 9 1 2   4 5 0   8 9 011    14      18     4 710 1 1 1 1 4 710 1 1 1 11  1        4               1                    7  0    10                                 1           4                        1  1                     1  1               1  1                        1                       8         
      3  1 81726 316 663 61112 1 2 3 4 0 6 7 8 9 011  1314151617   22 2 221 111  4 410 1 2   4 5 0   8 9 011    14 0    18    12 612 3 3 3 214 7 8 2 2 1 21  1  2  3     5            1                    7  0          12    14                     1     2              7       10      1  1  2  3               1     2  3         1  1     3                  1        3     0  6  0     9      
      4  1 81720 211 672 61112 1 2 3 4 5 6 7 8 9101112131415161718 32 2 221 2    5 3 3 1   3   5 0   8 0        14      18    12 2 3 4 5 1 212 2 3 4 1 1 21  1                        1                                  12                           1     2                              1           4            1     2            1  1                        1        3                        
      5  1 81734 313 672 61112 1 2 3 4 5 6 7 8 9101112131415161718 32 2 221 12   4 4 5 1 2 3 0 5 0   8 0       014      18    1011 6 3 6 1 314 2 5 1 3 3 21              0  6         1  1                         10                                 1     2                              1        3               1        3         1  1                        1        0  4                     
      6  1 81719 213 763 51112 1 2 3 4 5 6 7 8 91011121314151617   32 2 221 2    6 310 1 2 3 0 5 0 0 8 9 0      14     018    12 211 3 5 3 2 8 7 8 7 1 1 31              5            1                                  12  0                        1                    7               1     2                  1     2            1  1                        1                          9      
      7  1 81731 310 672 51112 1 2 3 4 5 6 7 8 9101112131415161718 32 2 22322    6 510 1   3 0 5 0   8 0        14      18    10 911 2 3 5 415 1 1 3 5 1 31           4               1              5  0          10                16               1        3              8            1           4            1        3         1                 6         1                 6               
      8  1 81740 415 763 61112 1 2 3 4   6 7 8 9  11121314151617   32 2 111 12   4 4 5 1 2   4 5     8 9  11    14      18    19 1 6 3 1 3 31910 3 3 1 6 31  1                        1                                                       19 20   1  1                                 1  1     3               1        3         1     0  3                  1           4                     
      9  1 81726 314 753 51112 1 2 3 4 5 6 7 8 9101112131415161718 32 2 11322    5 5 5 1   3   5     8          14      18    11 6 6 2 1 1 311 6 6 2 2 1 31  1                        1     2        5                                                1                    7               1     2                  1     0  3         1  1                        1                          9      
     10  1 81744 412 474 61112 1 2 3 4 5 6 7 8 9101112131415161718 32 2 113112   6 4 3 1 2 3   5     8          14             4 7 8 4 1 3 2 5 211 1 2 1 21  1                    8   1     2                    9                                    1     2                    9         1  1     3               1     2            1  1     3                  1        3  4                     
     11  1 81729 316 772 61112 1 2 3 4   6 7 8 9  11121314151617   32 2 111 12   4 110 1 2   4 5     8 9  11    14      18     51111 2 3 3 2 41112 2 3 1 21        3                  1           4  5        8                14                     1  0     3        6             11   1  1  2  3               1     2            1     0  3                  1        3        6        9      
     12  1 81755 612 763 61112 1 2 3 4 5 6 7 8 9101112131415161718 32 2 224  12  5 410 1 2 3   5     8 9        14      18     5 512 3 2 3 31111 2 6 6 4 31     2  3        6  7      1        3  4     6  0  8  9    11       14     0 17 18         1  1  2        5        8     0 11   1  1  2  3               1     2  3         1  1                    8   1     2     4     6  7     9  0   
     13  1 81730 3 8 274 41112 1 2 3 4 5 6 7 8 9101112131415161718 32 2 223212   4 4 9 1   3   5   0 8                  18     8 610 1 1 1 2 8 610 1 1 1 21  1        4     0  7      1  1     3        0     8        0 12       15       18         1  1        4           8       11  01  1        4     0  7   1  1        0  5   1  1     0  4        7      1  1           5        8  0 10   
     14  1 81719 216 672 51112 1 2 3 4   6 7 8 9  11  1314151617   32 2 221 2    6 310 1 2   4 5     8 9  11    14      18    16 211 2 3 3 215 5 4 2 1 1 41  1     3                  1  1                         10 11 12 13 14 15 16               1  1  2        5     7               1     2  3               1     2  3         1  1     3                  1              5        8  9      
     15  1 81742 415 715 51112 1 2 3 4 5 6 7 8 9101112131415161718 32 2 1132111  6 410 1   3   5     8          14      18    12 211 2 5 1 4 6 5 9 3 8 3 51        3                  1                            10 11                              1                 6  0               1     2        5         1           4      1     2     4  5     7      1                          9      
     16  1 81730 3 9 474 51112 1 2 3 4 5 6 7 8 9101112131415161718 32 2 223212   6 4 9 1   3   5     8          14 0    18    181010 2 3 3 310 611 1 7 8 51           4               1                          9                         18         1                 6                  1  1                     1     2            1  1                        1                          9      
     17  1 81740 414 653 41112 1 2 3 4 5 6 7 8 9101112131415161718 32 2 223212   6 410 1   3   5     8          14      18     7 612 1 1 3 318 210 2 2 6 41  1                        1                                                 17            1                 6  0               1  1                     1     2            1  1                        1                       8         
     18  1 81726 315 871 61112 1 2 3 4 5 6 7 8 91011121314151617   32 2 221 111  3 4 9 1 2 3   5   0 8 9       014      18    18 610 2 7 3 218 610 2 7 3 21                    7      1                                                    18         1                 6                  1  0  2                  1     2            1  1                        1                       8         
     19  1 81742 4 9 374 51112 1 2 3 4 5 6 7 8 91011121314151617   32 2 22312    8 410 1   3   5     8 0        14      18    12 612 2 5 3 410 1 7 2 1 1 41  1           5            1                               11                              1                 6                  1        3        6      1     2  3         1  1     3                  1                          9      
     20  1 81746 516 861 61112 1 2 3 4   6 7 8 9  1112  14151617   32 2 111 12   6 410 1 2   4 5     8 9  11    14      18    12 8 3 3 3 1 2 6 8 4 3 3 3 21  1     3     5            1  1              6  7     9 10       13                        1  1              6     8            1  1  2                  1     2  3         2                           1           4  5        8         
     21  1 81725 316 861 61112 1 2 3 4 0 6 7 8 9  1112131415161718 32 2 111 2    8 1 5 1 2   4 5     8 9  11    14      18     1 513 2 2 3 6 1 510 2 2 3 61     2        5  6         1  1  2  3     5  6                            16 17            1  0  2        5                     1     2  3           7   1     2           61        3                  1                            10   
     22  1 81721 216 772 61112 1 2 3 4   6 7 8 9  11121314151617   32 2 111 2    6 3 2 1 2   4 5     8 9  11    14      18    11 2 8 1 2 1 214 1 2 2 4 4 51  1  2        5  6         1  1                         10       13       16               1  1  2        5  0  7     9  0      1  1  2  3     0  6  7   1  1  2  3         1  1  2     4               1     2     4     6  7     9  0   
     23  1 81759 616 861 51112 1 2 3 4   6 7 8 9  11  1314151617   32 2 221 12   7 410 1 2   4 5     8 9  11    14      18 0  13 7 9 2 6 6 210 112 2 3 3 31  1  2        0  6  7      1  1     3           0  8  9             14 15 16 17            1  1     3     0  6  0  8  9         1  1  2  3               1     2            1  1  2  3  4  5            1  1  2     4     6     8         
     24  1 81735 416 772 61112 1 2 3 4   6 7 8 9  11 0  14151617   32 2 221 12   6 1 7 1 2   4 5     8 9  11    14      18    10 8 8 3 6 2 4 5 2 3 2 1 1 41  1              6         1              5     7          11                              1     2        5  0  7  8  0         1     2                  1           4      2                           1        3        6               
     25  1 81723 216 772 61112 1 2 3 4   6 7 8 9  11  1314151617   32 2 221 2    4 310 1 2   4 5     8 9  11    14     018    12 811 3 6 1 312 8 5 3 6 1 31              5  6         1           4                      12 13                        1     2        5  6                  1        3        6  7   1        3  0      1  1                        1                 6        9    11
     26  1 81736 413 772 71112 1 2 3 0   6 7 8 91011  13141516     12 2 221 12   4 4 8 1     4 5 6 0 8 9 0      1415  17       6 6 9 1 1 1 218 9 5 2 2 2 31  1  2                 8   1                 6  0                13             18         1                 6          10 11   1  1  2              7   1  1  2  3         1  1  2                     1        3     5     7            
     27  1 81725 311 663 61112 1 2 3 4 5 6 7 8 9 011121314151617   32 2 111 2    5 3 7 1 2     0 6 0 8 9 0      14  16  18    13 6 8 4 1 1 313 6 8 4 1 1 31  1                        1                                        14                     1                 6                  1           4            1        3         1  1                        1                 6               
     28  1 81718 212 961 51112   2 3     6 7 8 91011  13141516     22 2 221 2    7 3 4 1     4 5     8 9        1415  17      12 6 4 4 1 1 213 7 9 1 5 3 11  1     3  4  5     7      1  1  2  3        6                12 13                        1     2        5  6  7     9         1  1  2  3  4            1  1  2  3         1  1                        1        3     5     7  8  9      
     29  1 81755 616 971 61112 1 2 3 4 5 6 7 8 9  11  131415161718 32 2 221 112  6 4 7 1 2   4 5 6   8 9      131415 017      12 3 3 2 3 1 313 5 8 1 1 3 21     2  3                  1           4                10                16               1        3        6  0               1     2                  1     2            1  1                        1           4     6               
     30  1 81725 311 653 51112 1 2 3 4 5 6 7 8 9  1112131415161718 32 2 221 2    5 3 9 1 2     5 6 0 8        1314      18    12 610 4 1 1 212 610 4 5 1 21  1                        1     2  3  4              9 10 11 12    14    16       19      1                 6          10      1           4            1  1  2            1  1                        1           4     6     8         
     31  1 81727 315 961 61112 1 2 3 4 5 6 7 8 9  11  1314151617   32 2 221 2    7 410 1 2   4 5   0 8 9      1314      18    13 612 7 1 3 213 612 7 1 3 21  1                        1                                        14                     1                 6                  1                    7   1     2            1        3                  1                          9      
     32  1 81745 515 971 61112 1 2 3 4 5 6 7 8 9  11  1314151617   32 2 221 12   4 4 5 1 2   4 5     8 9      1314    17       4 6 7 7 1 4 317 212 7 3 1 21  1     3                  1     2        5           9 10                16               1  1              6        9 10      1                    7   1     2  3         1  1                        1     2     4  5           9      
     33  1 81725 3151071 61112 1 2 3 4 5 6 7 8 9  11  131415  1718 32 2 221 2    6 3 3 1 2   4 5     8 9      1314      18    12 7 3 7 5 1 21210 3 7 5 1 21              5            1                               11       14                     1                 6  7       10      1  1                 7   1     2            1  1                        1        3           7            
     34  1 81755 610 653 51112 1 2 3     6   8  1011  131415       12 2 221 111  6 4 5 0       5     8 0        1415    18    10 1 3 3 1 1 2 21110 2 5 1 21  1           5  0         1     2                         11             16  0            1  1                            11   1  1  2  3               1     2            1  1                        1        3  4                     
     35  1 81719 214 961 51112 1 2 3     6   8 9  11  13141516     22 2 221 2    5 3 7 1 2   4 5     8 9        1415  17      12 2 7 1 6 1 211 7 4 3 6 1 21        3        6     8   1           4              9       12 13                        1     2        5     7               1  1  2  3               1     2  3         1  1  2                     1        3        6        9      
     36  1 81720 2151071 61112 1 2 3 4 5 6 7 8 9  11  131415161718 32 2 221 2    6 410 1 2     5 6   8 9     01314     018    18 611 6 5 1 211 9 1 6 5 1 21  1           5            1  1        4     6  7          11       14    16    18         1              5  6  7     9 10      1  1  2           6  7   1  1  2            1  1                        1           4  5        8  9      
     37  1 81748 513 961 61112 0 2 3     6   8 9  11  13141516     12 2 221 12   5 4 3 1 2   4 5 6   8 9        1415  17       210 1 5 5 7 1 1 1 1 6 6 7 31              5  6         1  1     3                   10                                 1  1  2                      10      1        3        6      1        3  4      1                    7      1  1                    8         
     38  1 81736 4151171 61112 1 2 3 4 5 6 7 8 9  1112131415161718 32 2 221 112  4 4 9 1 2   4 5     8 9      1314     018    1810 9 1 5 1 511 8 8 4 8 8 21  1        4  5            1           4     0  7          11 12        0     0 18         1     2        5     7               1  1  2  0  4            1     2            1  1                        1                 6  7            
     39  1 81746 511 653 51112 1 2 3     6   8 9  11    1415       12 2 221 12   6 4 9         5 6   8          1415    18    17 6 9 2 1 6 2 4 710 1 1 1 31  1                        1  1        4                         13          17    19      1  1              6                  1     2                  1     2            2                           1                 6  7  8         
     40  1 81722 210 653 51112 1 2 3     6   8 91011  13141516     22 2 221 2    5 310   0     5     8          1415  17      17 612 4 5 1 214 213 4 6 1 21  1           5            1  1           5           0 10       13             18         1  1  2           6                  1     2           6      1     2            1  1                        1                    7       10   
     41  1 81734 313 961 61112 1 2 3 0   6 7 8 9 011  13141516     12 2 221 111  5 411 1     4 5 6   8 9 0      1415  17      10 814 1 1 1 310 8 3 1 1 1 31  1                        1     2     4  5  6  0  0  9       12          16               1  1              6  7               1  1                     1     2            1        3                  1                               11
     42  1 81737 415 971 61112 1 2 3 4 5 6 7 8 9 01112  1415161718 32 2 111 12   4 410 1 2   4 5 0 0 8 9 0    1314      18    13 611 6 5 1 218 7 1 1 6 3 11     2        5     7      1              5     7                13          17            1     2        5  6  7       10      1  1  2           6  7   1  1  2            2                           1                          9      
     43  1 81731 311 653 51112 1 2 3 0   6 7 8 91011  13141516     12 2 221 12   5 4 5 0 0     5 0   8 0        1415    18     4 9 6 2 6 3 3 6 110 2 4 6 21           4  5            1           0  5        8                                       1  1                       9         1  1  2           6      1     2            1        3                  1  1     3                        
     44  1 81726 314 871 61112 1 2 3 4 5 6 7 8 9 01112  1415161718 32 2 221 2    5 4 8 1 2   4 5 0   8 9 0      1415    18    14 6 9 7 3 1 214 6 8 4 1 3 31  1     3                  1           4  0             10     0 13                        1     2           6  7               1                    7   1     2  3         2                           1                    7            
     45  1 81736 4151071 61112 1 2 3 4 5 6 7 8 9 011  131415161718 32 2 221 111  4 410 1 2   4 5 0   8 9 011    14  1617      10 8 5 2 1 1 210 8 7 2 1 1 21  1     3                 91  1        4  5  6     0  9 10                16               1  1  2        5  0  7     9         1  1  2                  1     2            1  1     3                  1     2  3  4  5           9      
     46  1 81719 211 553 51112 1 2 3 4 5 6 7 8 9 011    14151617   32 2 221 2    6 3 7 1       5 0   8 9 0      14  16  18    11 6 8 1 5 1 211 9 3 1 5 1 21              5            1                             0  0    13                        1                 6                  1  0        4            1     2            2                           1                       8         
     47  1 81718 213 663 61112 1 2 3 4 5 6 7 8 9 01112  1415  1718 32 2 221 2    6 4 7 1 2     5 0 0 8 9 0    1314      18    12 9 8 2 6 3 312 9 8 2 6 3 31                 6         1                                  12                           1                          9         1     2                  1     2            2                           1                 6               
     48  1 81735 413 772 71112 1 2 3 0   6 7 8 91011  13141516     12 2 221 12   3 4 7 1     4 5 6 0 8 9 0      1415  17       2 8 4 1 3 3 212 2 7 3 1 1 31  1     3     5  6  0  0   1  1           5     7       10 11    13       16 17 18         1  1  2        5  6  7  8  9         1  1     3           7   1  1  2  3         1  1     3              8   1           4  5  6  7     9      
     49  1 81730 314 971 71112 1 2 3   0 6 7 8 9 011  13141516     12 2 221 12   3 4 4 1 2   4 5 0 0 8 9 0      1415  17      12 9 4 1 3 3 211 8 5 3 3 1 51        3     5            1           4  0             10 11 12                           1  0  2  0           7  8            1  1  2  3           7  01     2            1  1     3  0              91  0  0  0     5  0        9      
     50  1 81725 313 971 71112 1 2 3   0 6   8 9 011    141516     22 2 221 2    7 3 9 1     4 5 6 0 8 9 0      1415  17      17 710 1 5 1 216 2 1 4 1 1 31  1                        1  1        4  0             10                                 1  1              6        9         1     2     4        7   1        3  4      2                           1  1                    8         
     51  1 72730 313 772 41112 1 2 3 4 5 6 7 8 9101112131415161718 22 2 221 2    4 4 7 1 2     5 6 7 8 9        14    17      16 6 8 1 3 3 216 6 8 1 3 3 21  1     3                  1           4                                  16               1     2        5             10      1  1     3               1     2  3         1        3        0  7      1        3        6               
     52  1 72719 213 763 51112 1 2 3 4 5 6 7 8 9  11    14151617   32 2 221 2    5 3 6 1       5 6   8            15    18    12 813 1 5 1 212 813 1 5 1 21           0  5            1                            10    12                           1                    7  0            1  1                     1     2            2                           1                            10   
     53  1 72726 315 763 61112 1 2 3   5 6 7 8 9  11    141516     22 2 221 2    4 410 1       5 6   8            15    18     110 5 3 1 3 31210 3 3 3 1 31  1  2        5            1  1                 7          11                   18         1     2           6          10      1        3               1     2  3         2                           1     2           6        9      
     54  1 72755 614 772 71112 0 2 3 4   6   8 9  11  1314         12 2 221 12   4 4 5 1       5     8          14      18    11 1 6 2 8 1 2 5 8 2 1 3 2 11  1     3        6     8  01  1  2  3  4  5  6  0     0 10 11 12 13        0 17    19      1  1        0  5  6     8            1  1  2  3        6      1  1  2  3         1  1  0  3        0  7      1           4  5  6  7     9      
     55  1 72736 413 961 61112 1 2 3   5 6 7 8 9  11    1415       32 2 221 12   3 4 3 1       5 6   8            15    18    12 6 3 1 1 1 212 6 4 1 1 1 21  1  2        5            1        3                         12       15                  1                    7  8            1  1  2                  1     2            2                           1        3     5  6               
     56  1 72720 216 672 51112 1 2 3 4 5 6 7 8 9  11    1415161718 62 2 221 2    5 310 1 2           8 9       014      18    12 712 3 5 3 312 712 3 5 3 31     2     4  5  6  7      1                       8  9 10 11 12                           1     2              7               1  0  2  3  4            1  1  2  3         2                           1           4     6     8  9      
     57  1 72728 3141061 51112 1 2 3 4 5 6 7 8 9  11    1415       12 2 221 12   6 310 1       5 6   8         014      18    11 211 6 5 1 211 211 6 2 1 21  1  2                     1        3  0        7     9  0  0 12 13                        1  1  2                      10      1  1                     1  1     3         2                           1                       8  9 10   
     58  1 72719 216 672 51112 1 2 3 4   6 7 8 9  11  13141516     32 2 221 2    5 3 7 1 2   4 5     8 9  11    14      1819  11 2 8 3 1 8 211 5 3 3 1 8 21  1                        1                       8                                       1     2                              1        3               1     2            1                       8   1              0  6               
     59  1 72725 316 861 61112 1 2 3   5 6 7 8 9  11    1415       62 2 221 2    4 410 1 2     5 6   8          14      18    14 211 1 3 1 214 211 1 3 1 21        3        6         1           4                            14  0       18         1  0  2           6  7               1  1                     1     2  3         2                           1           4              9      
     60  1 72726 316 672 61112 1 2 3 4 5 6 7 8 9  11 0  1415161718 32 2 221 2    4 4 7 1 2   0 5   0 8 9             017      12 5 4 7 3 3 3 4 5 5 3 3 3 41  1  2  3     5        8   1        3  4  5                         14    16        0 20   1     2        5  6                  1  1  2  3           7   1  1  2  3         2                           1  1     3     5  6     8  9      
     61  1 72740 410 563 61112 1 2 3 4 5 6 7 8 9101112131415161718 12 2 111 12   6 4 4 1 2     5 6   8 9        14      18     8 7 4 3 2 6 5 8 7 4 3 2 6 51     2        5            1                       8                                       1                    7               1  1     3               1              5   1                 6         1              5                  
     62  1 72746 513 672 61112 1 2 3 4 5 6 7 8 9  11    1415161718 32 2 221 112  6 410 1 2     5   0 8 9        14     018    15 112 2 8 1 2 6 1 9 1 1 1 21  1  2        5        8   1        3     0  6          10  0          15          19      1  1           5  6                  1  1  2              7  01     2            2                           1           4  0     7  8  9      
     63  1 72725 316 772 61112 1 2 3 4   6 7 8 9  11121314151617   32 2 111 2    4 310 1 2     5     8 9  11    14  16  1819  14 211 2 3 3 214 211 2 3 3 21        3                  1                               11       14        0 18  0      1     2        5     7               1  0  2                  1     2  3         1  1     3                  1        3  4           0  9      
     64  1 72730 315 663 61112 1 2 3   5 6 7 8 9  11    1415       62 2 221 2    7 4 7 1       5 6   8            15    18    11 514 1 6 1 418 6 8 7 8 6 31  1  2                 8   1           4        7             12                18         1  1  2        5                     1  1  2  3           7   1     2  3  4      2                           1                 6        9      
     65  1 72756 616 971 61112 1 2 3 4 5 6 7 8 9  11    1415161718 3322 221 112  8 4 7 1 2           8 9        14    17      12 2 8 1 1 1 5 5 6 4 7 6 3 41              5  6         1  1     3        0     8    10                         19      1  1              6  7               1     2  3        0  7   1           4      2                           1     2     4  5  6               
     66  1 72740 414 672 61112 1 2 3 4 5 6 7 8 9  1112  1415161718 32 2 221 112  4 4 6 1       5     8 9        14    17      11 813 1 6 1 411 713 1 6 1 21                 6         1                            10                                 1              5                     1  1                     1     2            2                           1                            10   
     67  1 72724 214 653 51112 1 2 3 4 5 6 7 8 9 011  131415161718 32 2 221 12   6 4 9 1   3   5     8          141516  18     4 613 1 1 1 2 4 613 1 1 1 21  1                        1           4           8                                       1                    7               1  1                     1     2            1  1                        1                       8         
     68  1 72728 316 672 61112 1 2 3 4   6 7 8 9  11121314151617 0 32 2 111 12   4 4 7 1 2     5     8 9  11    14    17 019   4 2 8 2 3 1 312 2 8 2 3 1 31        3  4  5  6         1        3     0  6                   13       16               1     2           6                  1  1     3  4     6  7   1        3         1  1                        1           0  5  6     8  9      
     69  1 72745 515 961 61112 1 2 3 4 5 6 7 8 91011  131415161718 22 2 221 12   7 4 3 1 2       6   8 9        1415    18     8 1 3 2 6 2 2 8 2 5 1 1 5 31  1              6         1  1                 7                         16               1  1  2              7               1  1              6      1  1           5   1  1                 7      1  1              6               
     70  1 72718 213 763 51112     3 0 5 6 7 8 91011  131415   018 22 2 221 2    4 3 9 1       5     8          14      18    12 610 1 1 1 312 610 1 1 1 31  1                        1                               11    13  0                     1                          9         1  1                     1     2  3         1  1                        1                       8  9      
     71  1 72734 313 772 61112 1 2 3 4 5 6 7 8 9101112131415161718 11 2 221 12   5 4 3 1 2       6 7 8          1415          11 5 3 2 2 2 211 512 2 5 1 21     2        5            1           4              9       12          16               1     2     4     6                  1  1  2                  1     2            1  1              6         1        3     5           9      
     72  1 72736 416 763 61112 1 2 3 4 5 6 7 8 9 011  131415161718 62 2 221 2    6 410 1 2     5     8 9        14      18    181012 3 1 1 312 712 2 1 1 21  1  2        0  6  0  8   1           4        0  8       11                 0 18 19      1     2        5  6          10  0   1  1  2  3           7   1  0  2  3         1  1        4  5  6         1        3     5        8  9      
     73  1 72730 310 563 51112 1 2 3 4 5 6 7 8 9101112131415161718 22 2 122 12   3 410 1 2         0 8 9      131415    18     7 5 6 3 1 1 3 7 513 2 1 3 31  1  2  0  4  5  0  7  8   1  1        4  0     7     9          13       16               1  1           5  6                  1  1  2  3     5  6      1     2  3         1  1  0  3           7      1        3  4  5                  
     74  1 72726 314 663 51112     3   5 6   8 910111213141516  18 22 2 221 2    8 210 1       5 6   8      12  14  16         81012 7 1 1 2 81012 7 1 6 21  1                        1                       8        0 12                           1                            10      1     2              7   1     2            1  1                        1                       8  9      
     75  1 72730 314 772 71112 0 2 3   5 6 7 8 9  1112131415    18 12 2 221 111  4 4 4 0     4 5 6   8 9      1314      18 0  16 8 4 2 2 1 216 8 5 3 2 1 21     2  3        6         1              0  6          10              0 16               1     2  3     5  0     8  0         1  1  2  3               1  1  2            1  1     3                  1        3  4  5  6               
     76  1 72743 416 772 61112 1 2 3 4 5 6 7 8 9  1112131415161718 32 2 111 12   3 4 7 1 2   4 5     8 9  11   014    17      18 8 6 7 6 1 310 5 5 2 2 3 21  1  2  3     0  6         1                 6             11                              1  1                    8            1  1  2  3        6      1     2  3         1  1     3                  1        3        6        9      
     77  1 72744 416 772 61112 1 2 3 4 5 6 7 8 9 011  131415161718 32 2 221 12   4 4 3 1 2 0 4 5 0   8 9 011    14  16  18    18 5 3 2 3 1 211 812 2 6 1 21              5  6         1  1                                  13                        1  1  2                              1     2     4        7   1     2            1  1                        1        3              8         
     78  1 72727 312 653 51112 1 2 3 4 5 6 7 8 91011  131415161718 12 2 221 12   4 4 8 1 2       6 0 8 0 0      1415    18    14 6 9 7 5 3 2 2 610 7 5 3 21                 6         1  1                 7  0                   15                  1  1        4  0     7  0            1  0  2     4            1           4      1        3                  1     2        5  6  7     9      
     79  1 72750 513 563 51112 1 2 3 4 5 6 7 8 91011  131415161718 62 2 221 12   6 4 8 1 2     0 6 0 8          1415    18     8 6 9 3 3 1 5141110 1 5 8 21                       8   1                                        14                     1                               11   1              5         1              5   1              5            1                            10   
     80  1 72720 215 961 51112 1 2 3 4 5 6 7 8 9 011    1415161718 32 2 221 2    8 3 4 1 2 3   5 6 0 8 9 0111213141516  18    12 9 8 1 6 1 521 9 5 1 6 1 51              0  6     8   1                       8  0 10        0 14          18         1           4  0  6  0     9         1  1     3               1        3     5   2                           1           0  5  6               
     81  1 72719 215 871 51112 1 2 3 4 5 6 7 8 9 011  131415161718 42 2 221 2    5 310 1   3 4 0   0 8 9 0    131415    18     2 711 1 8 1 2 6 512 1 8 1 21  1  2                 8   1  1  2     4  0           9  0                      18         1     2              7       10      1  1                 7   1     2            1  1                        1           0  5  0     8  9      
     82  1 72722 214 772 61112 0 2 3 0 5 6   8 910111213141516     32 2 221 2    5 3 4       4 0 6 0           014  16  18     7 6 4 3 1 1 2 7 6 4 3 1 1 21  1           5  0     8   1                 0  7                                          1                 6          10      1  1     3               1     2            1  1                        1     2        5                  
     83  1 72736 415 772 61112 1 2 3 4 5 6 7 8 9 011    1415161718 62 2 221 2    4 4 7 1       5 0   8 9 0      14 0    18     2 6 8 2 5 1 217 9 7 4 5 1 21  1           5            1     2                                           17            1                 6        9         1  0  2     4            1     2            2                           1           4     6               
     84  1 72734 314 871 61112 1 2 3 4 5 6 7 8 91011121314         22 2 221 111  6 410 1 2     5 6 7 8 9 0    131415           110 1 2 1 1 2 110 1 2 1 1 21  1                 7      1  1                    8  0                   16               1                          9 10 11   1  1     3           7   1     2  3         1  1        4               1  1        4  5                  
     85  1 72734 315 772 61112 1 2 3 4 0 6 7 8 9 011121314151617   32 2 111 12   6 4 5 1 2     5 0   8 9 011    14      1819  11 8 7 2 2 3 3 8 2 4 3 1 1 21  1  2                     1                       8  0    11                17            1     2                 8            1     2  3               1     2  3         1  1  2                     1           4  5  6               
     86  1 72719 216 672 51112 1 2 3 4 0 6 7 8 9 011  13141516     32 2 221 2    3 3 4 1 2     5 0   8 9 011 0  14     018    11 7 4 2 2 1 311 2 5 1 3 3 31  1  2  3                  1              5  0                12 13                        1  1  2              7       10      1  1  2                  1        3         1  1     3                  1        3     5                  
     87  1 72741 415 672 61112 1 2 3 4 5 6 7 8 9 011  131415161718 32 2 221 111  5 4 3 1 2           8 9 0     014  1617      12 6 3 1 3 1 2 2 213 2 5 1 41  1        4        0  8   1        3                      11                   18         1  1              6  0     9    11   1  1  2              7   1     2     4      1     2           6  0      1        3        6          10   
     88  1 72743 416 772 61112 1 2 3 4 5 6 7 8 9 01112131415161718 32 2 111 12   7 410 1 2 0   5 0 0 8 9 011    14      1819  12 712 2 1 1 3 1 2 3 3 3 1 31  1     3                  1  1     3  0                      12                           1  1  2                              1     2  3               1        3         1  1                        1        3  0              9      
     89  1 72728 316 861 61112 1 2 3 4 0 6 7 8 9 011  1314151617   32 2 221 12   2 110 1 2 0   5 0   8 9 0  12  14     01819  11 811 2 1 1 211 811 2 1 1 21  1  2                     1                 6  0          11        0 15       18         1     2           6     8            1  1  2                  1     2            1  1     3                  1     2                    9      
     90  1 72754 514 763 51112 1 2 3 4 5 6 7 8 9 011  131415161718 32 2 224  2   7 4 4 1   3 4 5 0   8 0      1314  16  18    16 9 4 2 1 1 21610 4 3 1 1 21  1                        1           4  0           9  0                16               1  1              6  0       10      1  1  2  3  4  0  6      2                  1  1                        1              5  0          10   
     91  1 72718 216 772 41112 1 2 3 4 0 6 7 8 9 0111213141516     32 2 111 2    5 3 7 1 2     5 0   8 9 011    14      1819  13 5 8 1 1 1 317 6 5 2 3 3 21  1  2              7      1                            10    12    14       17            1  0  2  3  0              9         1  1  2           6      1     2  3         1  1     3  4               1                 6     8    10   
     92  1 72727 314 772 61112 1 2 3 4 5 6 7 8 91011  131415161718 22 2 221 12   5 4 5 1 2       6 0 8 9 0     01415    18    18 5 6 1 1 1 218 5 7 1 1 1 21  1           5            1        3  0     6  7                             0 18         1     2        5                     1  1  2              7   1     2            1  1                        1           4  0           9    11
     93  1 72755 616 772 61112 1 2 3 4 0 6 7 8 9 011  131415161718 32 2 221 12   4 4 3 1 2 0 4 5 0   8 9 011    14      1819  11 2 3 1 3 2 211 2 3 1 3 2 21        3                  1           4  0                                                1     2                              1        3               1  1               1     2                     1        3                        
     94  1 72726 312 961 61112 1 2 3 4 5 6 7 8 91011  131415161718 22 2 221 2    2 410 1 2       6 0 8 9        1415    18    11 511 1 5 3 211 511 1 5 3 21  0  2  0  0  5  0  7      1                          9                                    1     2        5     7               1  1                 7   1     2  3         1        3                  1                       8  9      
     95  1 72718 215 861 51112 1 2 3 4 5 6 7 8 9 011    1415161718 32 2 221 2    4 3 7 1 2 3 0 5 0   8 9 0      14      18     4 2 8 1 5 3 2 4 2 8 1 5 3 21           0  5            1        0  4  0     0  8       11                              1  1  2                              1  1  2  3  4  0     7   1        3         2                           1           4     6               
     96  1 72719 214 772 61112 1 2 3 4 5 6 7 8 91011  131415161718 22 2 221 2    5 310 1 2       6 0 8 9 0      1415 0  18     6 211 1 5 1 2 6 211 1 5 1 21              5            1                 6             11                              1     2           6                  1  1                     1     2            1  1                        1                          9      
     97  1 72734 314 961 61112 1 2 3 4 5 6 7 8 91011  131415161718 22 2 221 12   6 4 5 0 2 0   5 0   8 9 0      14      18    18 6 6 2 5 1 118 6 6 2 5 1 11           0  5            1                                                    18         1              0  6                  1     2                  1  1               1  1                        1           4                     
     98  1 72755 615 961 61112 1 2 3 4 5 6 7 8 91011  131415161718 22 2 221 12   4 410 1 2       6 0 8 9 0      1415    18    18 2 1 1 1 1 217 2 1 1 1 1 21  1                        1                                                    18         1  1                                 1                 6      1     2            2                           1                          9      
     99  1 72741 416 772 61112 1 2 3 0 5 6 7 8 9 011  131415161718 32 2 221 12   4 4 4 1 2   4 5 0   8 9 011 01314      1819   211 4 2 1 3 1 211 4 2 1 3 11  1     3        6         1  1     3  0                      12                           1  1                    8       11   1  0  2  0        6      1  1     3         1        3                  1              5  6  0     9      
    100  1 72719 299 663 51112 1 2 3 4 0 6 7 8 91011    1415161718 32 2 221 2   10 310       4 5 0   8 9 0      14     018    17 5 4 1 1 1 210 5 5 1 1 1 21  1           5        8   1  1        4  5  6  0  8  0 10     0 13       16               1  1  2        5  6                  1  1  2                  1     2  3         2                           1     2        5           9    12
    101  1 72736 415 961 61112 1 2 3 4 5 6 7 8 91011  131415161718 22 2 121 12   4 4 4 1 2       6 0 8 9 0      1415    18     611 6 1 6 1 2 711 6 1 6 1 21     2        5  6         1        3  0  5  0        9  0    12          16       19 20   1  1  2           6  7               1  1  2  3        6      1     2        5   1  1     3              8   1        3     5     7            
    102  1 72748 513 971 71112 1 2 3 4 5 6 7 8 9101112131415161718 12 2 111 12   6 410 1 2     5 6 7 8 9 0      1415    18    10 812 2 1 3 210 2 8 1 2 1 41  1           5            1  1     3  0                10             15       18         1  1           5  6  0  8            1  1  2        5         1     2  3         1  1     3                  1        0  4     6  0  8  9      
    103  1 72719 215 772 51112 1 2 3 4 5 6 7 8 9  11    1415    18 62 2 221 2    8 3 9 1       5 6 0 8         0  15    18    13 610 1 1 1 213 610 1 1 1 11  1           5            1           4  0           9  0          14       17            1                 6  7       10      1  1  2           6      1  1  2  3         2                           1           4  0        8         
    104  1 72729 313 772 61112 1 2 3 4 5 6 7 8 91011  131415161718 22 2 221 111  4 4 4 1 2       6 0 8 0        1415    18    13 213 3 2 3 213 5 4 3 2 3 21     2  3     5     7      1              5  0        9 10             15          19      1     2           6  7               1  1  2  3        6      1     2  3         1        3                  1        3  4  5     7     9      
    105  1 72726 313 653 51112 1 2 3 4 5 6 7 8 9101112131415161718 32 2 111 12   7 4 9 1   3 0 5 0   8          141516  18    11 510 1 1 1 2 4 1 3 4 4 1 41           4        7      1     2           0     8  0                         18         1           0  5  0  7     9         1  1        4        7   1        3         1  1     3     0  6         1        3  0     6  0            
    106  1 72725 315 871 81112 1 2 3 4 5 6 7 8 91011  131415161718 22 2 221 2    5 4 8 1 2       6 0 8 9 0      1415    18     6 2 9 2 1 1 2 6 2 9 2 1 1 21  1        0  5            1                 6  0                13                        1     2              7               1     2                  1     2            1  1                        1     2     4        7          11
    107  1 72735 413 663 61112 1 2 3 4 5 6 7 8 91011 0131415161718 22 2 221 12   4 4 5 1 2     0 6   8 0        1415    18    1610 6 7 7 1 21610 6 7 7 1 21                    7      1              5  0                            16               1                            10      1                    7   1     2            1  1                        1           4                     
    108  1 72729 311 553 51112 1 2 3 4 5 6 7 8 9101112131415161718 32 2 221 12   6 4 2 1   3 0 5 6 0 8 0        141516  18    10 7 2 7 3 1 31010 8 4 1 6 21  1        4               1                            10                                 1                    7               1                    7   1  1  2            1  1                        1           4                     
    109  1 72723 216 672 61112 1 2 3 4 5 6 7 8 9 011  131415161718 32 2 221 12   4 4 4 1 2     5 0   8 9 0     014    17      15 2 4 1 5 3 215 2 4 1 5 3 21     2        5            1        3  0                   11    13 14 15                  1  1  2           6                  1  1     3               1     2            2                           1              5  0        9      
    110  1 72727 315 961 61112 1 2 3 4 5 6 7 8 9 01112131415161718 32 2 222 111  4 4 3 1 2         0 8 9 0      14    17      13 6 3 4 1 1 211 2 9 2 1 2 21  1           5            1           4        7  0                                       1                 6        9         1  1  2     4            1     2            2                           1        3           7            
    111  1 72723 211 653 51112 1 2 3 4 5 6 7 8 9 011    14151617   32 2 221 2    3 4 9 1     0 5 0 0 8          14      18    12 610 1 3 1 212 610 3 1 3 31  1     3     5     7  8   1           4        7  0          12       15 16               1  1  2  3     0  6     8            1  1     3  4        7   1     2  3  4      2                           1     2        5  0  7  8  9 10   
    112  1 72733 313 663 51112 1 2 3 4 5 6 7 8 9 011    1415161718 32 2 221 12   5 4 4 1 2     5 0   8 9 0            17      11 7 4 1 5 1 211 7 4 1 5 1 21     2        5     7  8   1                       8  0       12                18    20   1     2     4  0        8  0 10      1  1  2        0  6  7   1  1  2        5   2                           1           4  0  6  0  8  9      
    113  1 72735 415 772 61112 1 2 3 4 5 6 7 8 9 011    1415161718 32 2 221 12   5 4 7 1 2 3   5 6   8 9      13141516  18    18 2 8 1 1 1 210 9 8 1 1 1 41  1              6         1        3     0  6     8       11    13        0    18         1     2        5                     1  1                     1     2            2                           1           4     6               
    114  1 72724 215 961 61112 1 2 3 4 5 6 7 8 91011  131415161718 22 2 221 12   3 410 1 2       6   8 9        1415    18    12 711 1 5 1 218 6 3 2 3 4 41     2  3  4  5            1        3           0  8    10  0        0 15 16    18    20   1  1           0  6  7     9         1  1  2        5         1     2     4      1  1              6         1     2  3     5        8         
    115  1 72750 512 553 51112 1 2 3 4 5 6 7 8 9101112131415161718 32 2 114  2   6 410 1   3 4 5 6 0 8 9 0    131415    18    12 7 7 1 1 1 212 7 6 1 1 1 21  1                        1                            10    12          16          20   1                               11   1     2                  1     2            1  1                        1           4                     
    116  1 72725 313 653 51112 1 2 3 4 5 6 7 8 9101112131415161718 32 2 221 12   5 4 7 1   3   5 6 0 8 0      13141516  18    17 2 8 1 3 1 211 8 6 1 3 2 21        3     5        8   1  1                         10       13       16               1  1  2                              1  1  2              7   1     2            1  1  2                     1        3  4  0  6        9      
    117  1 72718 214 772 41112 1 2 3 4 5 6 7 8 9 01112131415161718 32 2 111 2    6 3 4 1   3 0 5 0   8 9 011  131415    18    11 212 1 1 1 211 212 2 1 1 21  1     3                  1     2                 8       11                              1  1  2                              1  1     3               1  1  2            1  1                        1           4  5                  
    118  1 72738 414 672 61112 1 2 3 4 5 6 7 8 9  11    1415161718 32 2 221 112  3 4 9 1 2     5     8 9        14    17 0     2 7 4 1 6 8 2 4 610 2 1 1 31  1           5  0         1     2     4  0     7                                          1     2           6                  1  1  2           0  7   1     2  3         2                           1  1           5  0  0  8     0   
    119  1 72736 411 653 51112 1 2 3 4 5 6 7 8 91011  131415161718 12 2 221 12   6 410 1 2     0 6   8          1415    18    11 5 8 1 1 1 212 8 4 2 2 3 21     2                     1                               11             16               1                       8            1  1                     1     2            2                           1                          9      
    120  1 72738 415 672 61112 1 2 3 4 5 6 7 8 9  11    1415161718 32 2 221 12   4 410 1 2     5     8          14    17      11 612 2 1 1 211 612 2 2 1 51  1  2                     1                            10  0                      19      1  1              6                  1  1  2                  1     2        5   2                           1              5           9      
    121  1 72746 515 871 61112 1 2 3 4 5 6 7 8 9  11    1415161718 62 2 221 12   7 410 1 2 3 4 5     8 9        14      18    171112 1 1 3 31711 8 1 8 2 31  1  2                     1                    7                         16               1  1                 7               1  1  2                  1  1               2                           1  1           5                  
    122  1 72731 315 772 61112 1 2 3 4 5 6 7 8 9101112131415161718 22 2 221 12   4 410 1 2     5 6 7 8 9        1415          11 611 3 1 1 211 6 5 3 1 1 21  1  2        5            1  1                       9    11        0 15                  1        3     0  6                  1        3               1     2            1  1                        1              5        8         
    123  1 72732 314 663 61112 1 2 3 4 5 6 7 8 9  1112131415161718 32 2 111 111  4 4 5 1   3   5 6   8        1314151617  19  11 6 7 7 1 2 211 6 7 7 1 2 21  1                        1                                  12                           1  1                                 1                    7   1  1               1  1                        1           4                     
    124  1 72726 312 653 51112 1 2 3 4 5 6 7 8 0  11    1415161718 32 2 221 12   4 410 1       5     8 9                18     2 911 1 1 7 3 2 911 1 7 1 21  1              0  7      1     2                         11                              1                          9         1  1     3               1     2  3         2                           1                    7     9      
    125  1 72726 316 871 61112 1 2 3 4 5 6 7 8 9  11    1415161718 62 2 221 2    6 4 7 1 2     5     8 9        14      18    10 2 8 3 3 1 210 2 8 3 3 1 21  1     3        6         1     2        5             10                                 1     2        5     7               1  1  2  3               1     2  3         2                           1        3  4  5  6               
    301  2 72726 316 871 71112 1 2 3 4 5 6 7 8 9 011  131415  17   62 2 221 2    4 4 9 1 2     5 6 0 8 9 0      14    17       8 810 2 1 1 211 810 2 1 1 21  1                        1  1        4  5  0                                             1                 6  7  8            1  1  2  3               1  1  2  3         1  1     3  4               1           4  5  6     8         
    302  2 72746 512 663 51112 1 2 3 4 5 6 7 8 9 011  131415161718 62 2 221 12   2 4 9 1       5 0   8          14  16  18    11 110 1 7 1 211 110 1 7 1 21  1  2              7      1        3  0                   11       14       17            1  1              6  7       10      1  1     3  0  5         1     2  3         1  1     3        6         1     2  3              8         
    303  2 72734 314 961 51112 1 2 3 4 5 6 7 8 9 011  131415161718 62 2 221 12   3 4 9 1       5 6 0 8 9 0      14     018     8 610 2 1 1 210 610 2 1 1 21  1  2     4  5     7      1  1  2  3  4  0  0  7  8  9 10 11 12 13                        1  1              6  7               1  1  2           6      1     2  3         1  1                        1                       8  9      
    304  2 72743 4161071 71112 1 2 3 4 5 6 7 8 9 011    1415161718 62 2 221 12   4 4 4 1 2     5 6 0 8 9 0            17      10 8 4 1 1 1 210 8 4 1 1 1 21  1  2  3  4               1  1  2  3  0                10 11 12                           1     2  3                           1  1     3               1  1  2  3         2                           1           4  5                  
    305  2 72732 312 663 51112 1 2 3 4 5 6 7 8 9 011  131415  1718 62 2 221 12   5 4 4 1       5 0   8 0        14  16  18     5 5 4 1 1 3 311 2 7 1 2 2 31  1           5  0         1              5  6  0       10                                 1  1  2              7               1  1  2  3               1        3  4      1     2  3  4               1        3  4  5  6               
    306  2 72725 314 861 51112 1 2 3 4 5 6 7 8 91011  1314151617   62 2 221 2    5 4 3 1 2     5 0   8 9 0              18    12 611 1 5 1 312 611 1 5 1 31           4  5  6         1                          9     0 12                           1  1                         10      1  1                 7   1        3  4  5   1  1  2  3                  1        3  0           8  9      
    307  2 72718 213 563 51112 1 2 3 4 5 6 7 8 9 011  131415161718 62 2 221 2    6 310 1     4 5 0   8 9 0      14  16  18    12 511 7 7 3 310 612 3 1 1 21     2              7      1  1  0                      10    12    14 15                  1  1                 7     9         1     2              7   1     2  3         1  1     3                  1           4        0  8  9      
    308  2 72738 4141071 61112 1 2 3 4 5 6 7 8 9 011   01415161718 62 2 221 12   4 4 5 1 2     5 0 0 8 9 0            17      10 6 6 1 1 1 112 910 3 8 1 21  1  2     4        7      1  1           5  0        0 10             15                  1     2     4  0  6  0  8       11   1     2  3     5         1     2     4  5   2                           1  1        4        7     9      
    309  2 72742 413 663 51112 1 2 3 4 5 6 7 8 9 011    1415161718 62 2 221 12   6 410 1       5 0   8 0        14  16  18    191112 1 8 1 2 1 810 2 7 1 41  1  2  3        6         1        3  0                         13             18         1     2     4           8            1  1     3     5  0      1  1     3     5   2                           1  1        4                     
    310  2 72718 213 763 51112 1 2 3 4 5 6 7 8 9 011  1314151617   62 2 221 2    4 3 9 1       5 0   8 9 0      14      18     9 610 7 1 1 2 9 610 7 1 1 21  1              6         1           4     0  7  8  9  0                16               1  1              6                  1           4        7   1     2            1  1                    8   1  0  2                 8         
    311  2 72727 316 861 81112 1 2 3 4 5 6 7 8 9 011    14151617   62 2 221 12   2 4 5 1 2     5 0   8 9 0            17      12 5 6 2 1 1 312 8 7 6 2 1 21  1                    8   1                               11 12                           1     2        5                     1  1  2           6      1        3         2                           1           4  0           9      
    312  2 72735 412 563 51112 1 2 3 4 5 6 7 8 9  11  131415161718 62 2 221 12   5 4 9 1       5     8          14      18    17 110 7 1 1 212 7 7 1 1 1 21  1  2              7      1                       8  9                      17  0         1  1        4                        1  1  2              7   1  0  2     4      1  1                    8   1  1        4  5                  
    313  2 72718 213 563 51112 1 2 3 4 5 6 7 8 9  11  1314151617   62 2 221 2    4 3 9 1       5     8 9       014      18    16 7 4 4 4 1 2 9 6 5 4 7 1 21  1                 7      1     2              7       10     0 13                        1     2        5  6     8            1                    7   1     2     4      1  1                        1  1        4  0     0  8  9      
    314  2 72726 316 871 71112 1 2 3 4 5 6 7 8 9  11    14151617   62 2 221 2    5 4 4 1 2     5 6   8 9              17      14 2 4 7 1 4 510 7 5 2 7 1 21  1     3     5            1  1                       9       12             17    19      1  1  2  3  4        7     9         1  1  2     0  5         1  1  2  3         2                           1        3     5        8         
    315  2 72734 315 961 51112 1 2 3 4 5 6 7 8 9  11  131415161718 62 2 221 20   7 4 4 1       5     8 9        14    17      16 6 4 1 1 1 216 6 4 2 1 1 21  1  0     4               1     2                    9                 0 16               1  0              6     8            1  1  2                  1     2        5   1  1                        1              5           9      
    316  2 72718 215 871 51112 1 2 3 4 5 6 7 8 9  11  1314151617   62 2 221 2    6 3 2 1 2     5     8 9             017      11 5 8 4 8 1 312 1 2 1 1 3 21  1  2     4     6  7      1  1        4     0     8    10       13 14 15                  1  1  2     4     6     8    10      1  1     3     5     7   1  1  2  3  4  5   1  1     3     5     7  8   1     2        5        8    10   
    317  2 72755 6161071 71112 1 2 3 4 5 6 7 8 9  1112131415161718 62 2 221 12   6 4 5 1 2     5     8 9        14    17      12 6 7 2 1 2 312 6 7 2 1 2 31  1  2                     1  1  2                            12                           1     2  3        6                  1  1  2  3               1        3         1     2  3                  1        3  4  5                  
    318  2 72725 312 653 51112 1 2 3 4 5 6 7 8 9101112131415161718 32 2 22312    3 410 1     0 5                14      18    12 9 1 7 7 1 412 9 1 7 7 1 41  1  2     4  0  6     8   1           4        7       10 11    13 14    16    18 19 20   1  1  2     4     6  7  8  9    11   1  1  2     4        7   1  1  2     4  5   1  1     3     5  0  7  8   1  1        4  5     7  0  9      
    319  2 72718 214 861 51112 1 2 3 4 5 6 7 8 9 011121314151617   32 2 111 2    8 3 4 1 2     5 0   8 9 0      14 0  17      21 9 4 710 3 121 9 4 710 3 11                         101                                     13 14 15 16 17          211              5  6  7     9         1                    7   1  1               1        3                  1           0  5  6  7  8         
    320  2 72719 212 763 51112 1 2 3 4 5 6 7 8 9101112131415161718 32 32111 2    6 3 9 1     4       8          14      18    21 210 110 3 221 210 110 3 21              5          101  1        4  5  6        9                                    1     2  3  4  5                     1  1                 7   1     2            1        3                  1                       8         
    321  2 72735 411 563 51112 1 2 3 4 5 6 7 8 9  1112131415161718 32 2 111 12   5 4 9 1 2     5     8         014      18    13 910 7 1 1 411 913 7 1 1 41  1  2  3                  1        3                 9 10                      18         1                 6        9         1  1  2  3               1  1  2            1  1  2                     1        0  4     6     8    10   
    322  2 72726 312 563 61112 1 2 3 4 5 6 7 8 9  1112131415161718 32 2 111 2    7 3 4 1 2     5     8 9          15           5 611 710 1 2 5 611 710 1 21     0  3  4  5            1              5        8                                       1  1              6                  1     2              7  01     2            1  1  2  3                  1              5  0        9  0   
    323  2 72727 312 563 41112 1 2 3 4 5 6 7 8 91011121314         2311 22322    6 3 7 1 2     5     8 9        14    17       8 2 2 2 1 1 3 8 2 2 2 1 1 31  1  2  3                  1        3        6  7                                          1     2                      10      1     2  3  4            1        3         1  1  2  3                  1           4  5  6               
    324  2 72718 213 772 41112 1 2 3 4 5 6 7 8 9  1112131415161718 32 2 111 2    6 3 2 1 2     5 0   8          14     018    13 2 2 2 1 1 213 2 2 2 1 1 21  1  2  3                  1  1                            11 12 13                        1     2  3  4                        1     2                  1     2            1  1  2  3                  1     2                           
    325  2 72743 415 971 71112 1 2 3 4 5 6 7 8 9101112131415161718 32 32111 111  5 4 4 1       5     8          14 0    18    15 9 4 7 7 3 215 9 4 7 7 3 21  1           5  0  7      1  1                                        15       18         1     2           6  0     9         1     2           0  7   1     2            1        3  4  5            1  1        0  5                  
    326  2 72750 599 871 81112 1 2 3 4 5 6 7 8 9  1112131415161718 32 2 114  2  10 410 1 2     5     8 0        14        19   5 813 2 6 1 2 5 813 2 6 6 21              5  6  7      1                                        14 15    17            1              5  6  7               1     2  3  4            1     2  3         1              5  6  7      1           4  5  6               
    327  2 72728 316 871 71112 1 2 3 4 5 6 7 8 91011121314151617   32 2 111 111  8 4 3 1 2     5     8 9        14 0   018    14 7 9 4 1 1 311 5 4 4 1 1 31  1  2     4  5  6  7      1  1        4        0     9           0 14                     1  1  2        5  6          10  0   1  1  2     4     0  7   1     2            1           4  0            1  1  2  3  4        7  8  9 10   
    328  2 72729 314 861 81112 1 2 3 4 5 6 7 8 9  1112131415161718 32 2 111 12   7 4 4 1 2     5     8          14      18    13 7 5 1 7 1 213 8 5 1 7 3 21     2              7      1     2                               13                        1  1                         10      1  1  2     4        7   1     2     4      1  1              6         1                 6          10   
    329  2 72753 5 3 763 51112 1 2 3 4 5 6 7 8 9101112131415161718 32 2 114  12  6 410 1 2     5 0   8          14    17       6 712 2 2 1 2 6 712 2 2 1 21     2  3                  1  1                    8  9 10 11 12                18         1  1              6                  1  0  2  3               1     2  3         1  1  2  3                  1  1  2                    9      
    330  2 72736 412 772 71112 1 2 3 4 5 6 7 8 9101112  1415161718 12 2 111 111  5 410 1       5     8 9        14      18    1910 1 4 4 6 31910 1 4 4 6 31  1        4               1  1                 7  8                               19      1  0  2  0                   10      1           4        7   1     2  3         2                           1  1                       9      
    331  2 72718 213 663 51112 1 2 3 4 5 6 7 8 9  11  131415161718 62 2 221 2    4 410 1       5     8 9        14      18    17 7 9 4 1 3 317 7 9 4 1 3 21  1     3  4               1                    7  8  9                                    1        3  4     6  0               1           4  5         1     2            1  1  2  3                  1        3  4  5  0        9      
    332  2 72724 213 663 51112 1 2 3 4 5 6 7 8 9  11  131415161718 62 2 221 2    6 4 8 1       5   0 8          14 016  18     7 6 9 2 8 3 2 7 2 9 2 5 3 21  1  2  3  4               1                       8  9                                    1        3  4                        1     2  3               1     2  3  4      1  1     3                  1           4  5  6  7            
    333  2 72735 412 663 51112 1 2 3 4 5 6 7 8 9 011 0131415161718 62 2 221 12   2 4 8 1       5 0 0 8          14  16  18    12 6 9 2 1 3 217 9 9 2 1 1 21  1                    8   1  1                            11  0 13             18         1     2           6        9         1     2           6      1     2  3         1  1     3                  1        3        0  7            
    334  2 72737 412 653 51112 1 2 3 4 5 6 7 8 9  11  13141516     32 2 221 12   4 410 1       5 6   8 9        14      18    11 6 6 1 1 3 111 6 6 1 1 3 21  1  2              7      1  1                                     14                     1  1  2        5                     1                 6      1  1  2  3         1  1     3                  1  1        4              9      
    335  2 72718 216 961 51112 1 2 3 4 5 6 7 8 9  11  13141516     32 2 222 12   7 310 1 2     5     8 9        14    17      12 2 8 2 1 1 112 2 8 2 1 1 11  1           5            1                                  12    14                     1  0  2           6  0               1  1  2                  1  1     3  0      1  1     3                  1                 6        9  0   
    336  2 72760 616 961 41112 1 2 3 4 5 6 7 8 9101112131415161718 32 2 121 12   7 410 1 2                                     9 112 5 1 5 211 713 2 1 3 21  1  2              7      1  1     3                 9          13       16          20   1  1  2           6  7               1  1  2              7   1     2            1  1  2           6         1        3  4  5             10   
    337  2 72734 313 961 51112 1 2 3 4 5 6 7 8 9  11  131415  1718 62 2 221 12   4 410 1   3 0 5 6   8 9        14 0   018    13 210 1 1 1 213 210 1 1 1 21  1           5            1  1     3  4        7     9          13             18         1        3     5  6                  1  1  2                  1  1        4  0   1  1        4           8   1  1  2  3                        
    338  2 72738 4151071 71112 1 2 3 4 5 6 7 8 9101112  1415161718 62 2 221 12   4 410 1 2     5 6   8 9              17       6 211 5 1 1 2 6 211 2 1 1 21  1  2  3                  1              0  6                         15       18         1  0  2        5  6  0               1  1  2                  1     2            2                           1     2  3                 9      
    339  2 72746 5161071 71112 1 2 3 4 5 6 7 8 9  11  131415161718 62 2 221 12   6 4 5 1 2     5 6   8 9             017      15 7 6 1 5 1 215 7 6 1 5 1 21              5  6  7      1                                  12 13 14                     1              5     7  8            1  1  2  3               1     2  3         1  1  2  3                  1           4  5  6               
    340  2 72730 3141071 51112 1 2 3 4 5 6 7 8 9 011  131415161718 62 2 221 12   4 4 8 1       5     8 9 0      14    17      13 712 3 3 1 3 5 9 9 3 5 1 41        3           0  8   1                 6                      14                     1  1                 7  0            1  0  2  0  4  0         1  1  2            1  1              6         1           4        7            
    341  2 72745 512 663 51112 1 2 3 4 5 6 7 8 9  11  131415  1718 62 2 221 12   6 4 9 1       5     8          14  16  18 0  11 612 1 1 1 21810 3 2 5 8 31  1  2        5            1  1                    8                   15       18         1           4     6                  1  1  2                  1     2     4      1  1                 7      1  1           5                  
    342  2 72727 316 871 61112 1 2 3 4 5 6 7 8 9101112131415161718 32 2 121 12   6 4 7 1 2     5     8 9            16  18    10 210 2 1 1 410 210 2 1 1 41        3        0  7      1           4  0  6        0 10       13                        1  1              6                  1  1  2                  1     2  3         1  1  0  3                  1  0  2                 8         
    343  2 72751 599 952 41112 1 2 3 4 5 6 7 8 9101112131415161718 22 2 121 12   5 4 3 1 2     5     8 9               018    11 7 3 4 7 1 511 7 3 4 7 1 51  1  2                     1     2  3  4  5                                                1  1  2  3                           1  1  2  3               1  1  2            1  1  2  3                  1  1  2  3                        
    344  2 72745 516 871 71112 1 2 3 4 5 6 7 8 9101112131415161718 22 2 221 12   3 4 4 1 2     5     8 9           016  18     1 1 5 7 1 3 3 1 1 5 7 1 3 31  1  2  3                  1  1     3                                0 15     0 18         1  1     3  4                        1  1  2              7   1        3         1     2  3  4  0            1        3  4  5                  
    345  2 72725 316 961 51112 1 2 3 4 5 6 7 8 9101112131415161718 32 2 221 2    6 3 5 1 2     5 0   8 9 0          16  18    11 8 8 1 1 3 211 8 8 1 1 3 21  1                 7  8   1                            10 11 12 13                        1     2        0  6     8            1  1  2     4            1     2  3         1        3                  1        3     5  0     8  9      
    346  2 72740 412 952 51112 1 2 3 4 5 6 7 8 9101112131415161718 22 2 221 12   6 4 1 1 2     5 0   8 9 0          16  18    10 6 9 4 1 1 310 2 9 4 1 1 31  1     3     5  6     8   1  1     3  4  0  6  0     9 10  0 12 13 14 15       18    20   1  1     3     5  6  0  8  9    11   1  1     3  4     6      1  1     3     5   1  1        4           8   1  1  0  3  4  0  6     8  9      
    347  2 72718 212 653 51112 1 2 3 4 5 6 7 8 9101112131415161718 22 2 221 2    7 3 3 1 2     5 0   8 9 0          16  18    12 613 1 1 1 31210 3 1 1 3 31  1                        1     2                    9  0          14                     1                 6  7               1  1        4        7   1     2  3         1  1     3                  1        3     5     7            
    348  2 72726 313 653 51112 1 2 3 4 5 6 7 8 9101112131415161718 22 2 221 12   4 4 5 1 2     5 0   8 9 0          16  18     2 713 6 1 3 3 2 713 6 1 3 31  1           5            1           4  0     0  8  0 10 11 12                           1     2  0           7       10      1        3  4        7   1        3         1        3        6         1        3           7  0         
    349  2 72727 313 653 51112 1 2 3 4 5 6 7 8 9101112131415161718 32 2 2232111  7 4 9 1     4 0     0 9 0      14      18     5 2 8 7 1 3 3 5 2 8 7 1 2 31  1  2  3  4               1     2                 8  0    11          15    17       20   1  1              6  7     9 10      1  1  2  3               1  1  2            1  1  2                     1           4  5  0     0  9      
    350  2 72720 214 653 51112 1 2 3 4 5 6 7 8 9101112131415161718 32 2 221 12   6 4 5 1       5 0   8 9 0           017      11 713 1 7 1 211 713 4 4 1 41  1  2  3                  1  1              6  0       10          14       17       20   1  1        4     6          10      1     2                  1  1  2            2                           1  1           5           9      
    351  2 72736 499 563 41112 1 2 3 4 5 6 7 8 9101112131415161718 22 2 221 111  5 4 1 1 2     5 0   8 9 0          16  18    13 711 2 2 1 213 711 2 2 1 21     2              7      1              5  0          10                      18         1     2                      10      1  0  2              7   1     2            1  1  2  3                  1  1     3           7            
    352  2 72719 213 871 51112 1 2 3 4 5 6 7 8 9101112131415161718 22 2 221 2    5 3 9 1 2     5 0   8 9 0          16  18    13 1 3 3 7 3 313 1 3 3 7 3 31  1           5     7      1     2  0           7  0          12 13       16               1  1  2                    9         1  1  2  3               1     2  3         1        3                  1                          9      
    353  2 72719 299 952 51112 1 2 3 4 5 6 7 8 9101112131415161718 22 2 221 2    6 3 3 1 2     5 0   8 9 0         016  18    12 511 3 1 1 212 511 3 1 1 21  1           5            1                    7  0    10     0 13                        1     2        5  6                  1     2  3               1     2            1  1  2  3                  1                    7  8  9      
    354  2 72725 399 772 61112 1 2 3 4 5 6 7 8 9101112131415161718 22 2 221 12   5 4 3 1 2     5 0   8 9 0         016  18     2 9 3 1 1 3 3 2 9 3 1 1 3 31  1           0     7  8   1           4  0                    0    14                     1                 6  7  0  9  0      1  1        4            1     2  3         1  1     3                  1                 6  7  8         
    355  2 72727 314 553 41112 1 2 3 4 5 6 7 8 9101112131415161718 22 2 121 2    5 4 9 1 2     5 0   8 9 0          16  18    12 610 7 1 1 212 610 7 1 1 21              5  6  7      1                          9 10 11 12                           1                 6  7  8  9         1  1     3               1              5   1  1     3  4               1  1  2  3  4                     
    356  2 72744 413 653 41112 1 2 3 4 5 6 7 8 9101112131415161718 32 2 121 12   2 410 1 2     5 0   8 9 0         016  18    15 212 4 1 1 515 212 4 1 4 51  1  2  3                  1  1  2  3                                                      1  1  2                              1  1  2  3               2                  2                           1  1  2  3                        
    357  2 72740 416 871 61112 1 2 3 4 5 6 7 8 9101112131415161718 32 2 121 12   7 4 5 1 2     5 0   8 9 0         016  18    12 8 6 1 1 1 212 8 6 1 1 1 21  1  2        5            1                            10    12          16 17            1     2              0  8       11   1  1  2              7   1     2  3         1  1     3  4               1           4  5                  
    358  2 72744 416 772 71112 1 2 3 4 5 6 7 8 9101112131415161718 32 2 221 12   6 410 1 2   4 0 0   8 9 0       0  16  18     3 812 6 6 6 3 1 812 6 6 6 31  0  2  3     5            1  1        4  5     7                         16     0 19      1  0  2  0        6  7  8            1  1  2  3        6      1     2  3     5   1  1        4     6     8   1        3     0  6        9 10   
    359  2 72747 599 952 51112 1 2 3 4 5 6 7 8 9101112131415161718 32 2 122 12   9 4 9 1 2 0 0 5 0 0 8 9 0 0 0 0    16  18    19 6 3 3 8 1 219 210 3 2 5 21  0  2              0  8   1                                                       19 20   1     2           6                  1  1     3               1  1  2            2                           1  1     3           0  8         
    360  2 72720 214 861 51112 1 2 3 4 5 6 7 8 91011121314151617   32 2 22312    8 4 3 1     4       0 9        14      18     6 7 9 1 1 1 2 6 7 9 1 1 1 21  1  2        5            1                 6  0          11  0    14                     1  0  2        0  6  7               1  1  2  3               1     2        5   1  1        4  0        8   1           4        7  8    10  0
    361  2 72719 216 952 51112 1 2 3 4 5 6 7 8 9101112131415161718 32 2 221 2    6 3 3 1 2     5     8 9            16  18    14 2 3 1 1 3 214 2 3 1 1 3 21  1           5     7      1     2                         11    13 14 15                  1  1  2              7               1  1  2                  1     2  3         1     2  3                  1        3     0  6  7       10 11
    362  2 72730 399 852 61112 1 2 3 4 5 6 7 8 9101112131415161718 32 2 22312    8 4 1 1       5       9        14      18    141010 6 5 3 3141010 6 5 3 31           0  5            1           4                 0       13  0                     1     2           6  0               1           0     6      1        3         2                           1     2     4           8  9      
    363  2 72725 314 952 61112 1 2 3 4 5 6 7 8 9101112131415161718 32 2 22312    5 410 1     4 0       9 0     014      18    12 6 4 2 7 3 212 6 4 2 7 3 21  1  2        5     7      1  1  0              7  0  9 10    12    14       17            1  1  2  0        6  7  0    10      1  1  2  3        0  7   1  1  2  3         1  1     3                  1           4  5  0     8  9      
    364  2 72725 316 961 61112 1 2 3 4   6 7 8 9  11  13141516     32 2 221 2    7 3 7 1 2     5 6   8 9        14    17       6 7 8 1 1 1 2 6 7 8 1 1 1 21  1  2                     1                 6     0  9     0 12                           1  1  2        5                11   1  1  2           6      1  1  2  3  4      1  1                        1                 6     8  9      
    365  2 72741 414 563 61112 1 2 3 4 5 6 7 8 9  11 013141516     32 2 221 12   4 4 1 1 2   4 5 6   8 9                18    17 112 2 1 1 217 112 2 1 1 21  1  2                     1  1  2  3  4                                     17            1  1  2        5     7               1  1  2                  1     2  3         1  1  2  3                  1                    7  8  9      
    366  2 72725 312 563 61112 1 2 3 4   6 7 8 9  11  13141516     32 2 221 2    6 3 4 1       5     8 9        14     018     2 710 4 1 1 2 1 710 4 1 1 21  1  2  3  4               1     2  0  0                                  16               1  0  2              7               1  1        4  0         1  1               1  1  2  3                  1  1  2                 8         
    367  2 72720 216 961 61112 1 2 3 4   6 7 8 9  11    14  16     32 2 221 2    4 3 4 1 2     5 6   8 9        14    17       4 3 3 2 7 1 210 512 111 3 21  1           5     7      1     2  3  4  5                      13 14 15                  1     2        5     7     9         1  1  2                  1     2  3         2                           1        3     5           9      
    368  2 72743 415 961 61112 1 2 3 4 5 6 7 8 9  11    141516  18 32 2 221 12   5 4 4 1 2     5 6   8 9        14    17 0    15 5 3 1 7 1 214 5 3 3 1 1 21  1           5     7      1  1                         10       13       16  0  0         1  0  0        5     7  8            1  1  2                  1     2            2                           1        3     5                  
    369  2 72745 513 772 61112 1 2 3 4   6 7 8 910111213141516     32 2 221 12   7 4 7 1 2 3   5 6   8 9        14     018     4 1 8 3 1 1 2 4 1 8 3 1 1 21  1                 7  0   1  0  2     4           0  9       12          16               1  1           5                     1  1        4            1  1  2            1  1                    8   1     2     4     6               
    370  2 72746 512 563 61112 1 2 3 4   6 7 8 9  11  13141516  18 32 2 221 12   4 410 1     4 0 6 0 8 9        14  16  18     4 1 3 1 1 1 2 4 1 3 1 1 1 21  1              0  7      1           4  0             10 11    13                        1  1              6                  1  1                     1  0  2            1  1                        1        3  4                     
    371  2 72725 314 663 61112 1 2 3 4 5 6 7 8 9  11  13141516     32 2 221 2    6 3 3 1 2     5 6   8 9        14      18    13 6 3 1 1 3 313 6 3 1 1 3 31  1                 7      1                                     13          17            1                    7     9         1  1              6      1  1     3         1  1  2                     1        3                   10   
    372  2 72718 215 861 51112 1 2 3   5 6   8    11121314 016 0   32 2 221 12   7 3 3 1 2     5     8 9 0      14      18    21 6 5 7 1 3 221 6 5 7 7 3 21  1  2                     1              5  0        9       12    14  0          19      1     2        5  0        9         1  1     3     0  0  7   1     2  3         1  1     3                  1  1           0  6        9      
    373  2 72744 410 763 51112 1 2 3 4 5 6 7 8 91011  1314  1617 0 32 32221 12   5 410 1 2     5     8 9        14      18     5 712 1 1 1 2 5 7 7 1 1 1 21  1                 7      1              5             10                                 1     2              7               1  1  2  0               1     2            1  1                        1           4     6        9 10   
    374  2 72725 313 763 61112 1 2 3 4 5 6 7 8 9  11  13141516     32 2 221 2    5 3 3 1       5 6   8 9        14  16  18    10 613 1 1 3 210 613 1 5 3 21  1                 7      1                            10    12                           1  1              6  0               1     2     4            1  1  2            1     2           6         1        3                 0 10   
    375  2 72726 316 772 71112 1 2 3 4 5 6 7 8 9  11    141516     32 2 221 2    7 3 3 1 2     5 6   8 9        14      18    21 1 3 3 1 3 121 1 3 3 1 3 11  1  2              7      1  1        4        7                   14                     1  1  2        5                     1  0     3     0  6  7   1  1  2            2                           1        3  4  5  0     8  9      
    376  2 81740 415 961 51112 1 2 3 4 5 6 7 8 9101112131415161718 22 33111 111  9 4 4 1     0 5       9        14      18     8 5 6 2 7 1 4 8 5 8 3 7 3 41  1     3     5            1                       8                               19      1     2              7               1  1  2                  1  1     0  4      1  1  2     4               1              5  6               
    377  2 81720 214 772 41112 1 2 3 4 5 6 7 8 9101112131415161718 12 33111 2    7 3 7 1             8 9        14  16  18     410 8 1 7 1 2 410 8 1 7 1 21  1                        1           4                         13 14 15          19      1  1              6        9 10      1  1  2     4        7   1     2            1  1                        1        3  4  5  6  7  8  9  0   
    378  2 81725 313 663 51112 1 2 3 4 5 6 7 8 9101112131415161718 32 2 221 111  7 410 1     4       8          14      18    11 912 3 7 1 212 911 3 7 1 21  1  2  3           7      1                            10 11 12                           1  1              6  7       10      1  1  2  3               1     2            1  1  2  3                  1        0  4  5        8  9      
    379  2 81739 414 961 51112 1 2 3 4 5 6 7 8 9  11  131415161718 62 2 221 2    4 4 9 1       5     8 9        14      18    13 610 1 1 3 210 6 8 2 8 3 21  1  2        5     7  0   1                                     13 14 15                  1  1        4                        1  1  2        0  6      1  1  2            1  1     3                  1        3           7  8  9 10   
    380  2 81726 315 672 61112 1 2 3 4 5 6 7 8 9101112131415161718 1322 111 111  5 410 1     4       8          14      18    12 912 1 5 1 212 912 1 5 1 21     0     4  5            1                          9       12 13                        1                 6  7     9         1  1                     1     2            1  1  2  3                  1        3  4  5           9      
    381  2 81726 314 772 61112 1 2 3 4 5 6 7 8 9101112131415161718 33233111 2    7 3 3 1     0 5   0 8          14  16  18    12 1 8 2 1 1 212 2 8 2 1 1 21  1                 7      1           4     0  7           0 12    14     0 17            1  1     3     5     7               1  1  2              7   1     2     4      1  1  2                 8   1  1     3  4  5  6               
    382  2 81718 216 871 41112 1 2 3 4 5 6 7 8 9101112131415161718 22 32111 2    6 3 4 1 2     5     8 9        14      18    12 7 4 4 7 1 412 7 4 4 7 1 41           4  5     7      1                                  12 13                        1              5  6  7               1     2  3  4            1     2     4      1  1  2  3                  1              5  6               
    383  2 81755 612 663 51112 1 2 3 4 5 6 7 8 9  11  131415161718 62 2 222 12   4 4 5 1       5     8 9        14      18     610 7 1 1 1 311 1 6 3 7 1 31     0  3  0  5     7      1     2                    9                                    1     2                 8            1     2        5         1           4      1  1  2              0  8   1        3  0     6               
    384  2 81738 412 663 51112 1 2 3 4 5 6 7 8 9  11  131415161718 62 2 221 12   7 4 8 1       5     8          14  16  18    14 7 9 1 5 5 314 7 9 1 5 5 31  1     3  4               1                    0  0  9 10 11 12 13                        1  1  2  3           7               1  1  2  3               1     2            1  1  2  0  4               1              0  6  7            
    385  2 81724 215 672 61112 1 2 3 4 5 6 7 8 9101112131415161718 32 2 111 2    8 3 9 1       5     8          14  16  18     5 710 1 1 1 2 5 710 1 1 1 21  1              6         1           4  5  6                   13 14                20   1                 6  7               1  1                 7   1     2  3         1  1                        1                       8  9      
    386  2 81755 615 672 51112 1 2 3 4 5 6 7 8 9101112131415161718 32 33111 12   7 410 1     0 5   0 8 9        14      18    11 112 2 5 7 211 112 2 5 7 21  1           5            1                               11       14                     1  1  2                              1  1  2                  1     2            1        3  4               1                    7  8  9      
    387  2 81718 213 961 61112 1 2 3 4 5 6 7 8 9  11  131415161718 62 2 221 2    5 3 9 1       5 6 7 8 9        14      18    10 610 1 7 1 210 610 1 7 1 21  1  2        5            1                            10    12 13                        1                 6  7  8  0         1        3        6      1     2  3  0      1  1                 7      1           4  5  6     8         
    388  2 81732 314 971 61112 1 2 3 4 5 6 7 8 9101112131415161718 32 33111 111  6 410 1       5       9        14      18    17 611 1 1 3 217 611 1 1 1 41  1     3                  1              5                                     18         1  1              6                  1  1                 7   1     2  3         1  1  0  3                  1  0                 7  0  9  0   
    389  2 81745 514 961 51112 1 2 3 4 5 6 7 8 9  11    1415161718 62 2 221 12   6 4 4 1       5 6   8 9        14      18    13 6 4 2 7 4 313 6 4 2 7 4 31  1  2                     1  1                                                            1  1  2  3                           1  0  2  3               1  1  2            2                           1              5  6               
    390  2 81730 312 961 51112 1 2 3 4 5 6 7 8 9  11  131415161718 62 2 221 111  3 410 1     0 5   0 8         014 016  18    19 610 7 1 1 218 610 7 1 1 21  1                        1                       8  9 10                                 1     2  3  4                        1  1  2              7   1     2  3  4      1        3                  1              5  6     8         
    391  2 81725 314 961 61112 1 2 3 4 5 6 7 8 91011  131415161718 62 2 221 2    7 310 1       5   7 8 9        14    17       2 612 1 7 1 311 712 1 1 1 31     2     0  5  0  7      1           4                      12                           1  1  2           6  7               1  1  2  3           7   1     2  3         1  1        4               1        3  4  5  6               
    392  2 81718 214 961 61112 1 2 3 4 5 6 7 8 9  11  131415161718 62 2 221 2    6 310 1       5     8 9        14    17       2 611 2 1 1 211 712 1 7 7 31     2                     1     2                                                         1                 6                  1     2                  1     2            1                    7      1                          9      
    393  2 81745 512 653 51112 1 2 3 4 5 6 7 8 91011121314151617   32 33111 12   8 4 1 1 0     5   0 8          14     018    12 1 1 2 5 4 212 6 8 2 5 3 41  1        0  5            1                       8          12             17    19      1  1              6                  1  1  2              7   1     2            1  1  2           6         1  1              6        9      
    394  2 81718 215 871 61112 1 2 3 4 5 6 7 8 91011  131415161718 62 2 221 2    5 3 8 1       5 6   8 9        14      18    14 7 9 1 4 1 214 7 9 1 4 1 21           4               1                                     13 14 15                  1                    7  8  9         1  1  2  3               1     2            1  1                        1                 6  7  8         
    395  2 81740 411 553 51112 1 2 3 4 5 6 7 8 9101112131415161718 12 33111 12   7 4 1 1       5     8          14      18    1810 1 4 2 1 41810 1 4 2 1 21     2  3  4               1  0     3  4  5                               16               1  0  2  3                   10      1  0  2                  1     2  3         1  1  2  3                  1  1  2  3                        
    396  2 81734 315 871 41112 1 2 3 4 5 6 7 8 9  1112131415161718 62 2 121 12   3 410 1       5     8 9        14      18     7 611 1 5 1 3 7 611 1 5 1 21           4  5            1        3           7                13          17            1     2     4     6     8       11   1  1  2  3               1     2  3         1     2  3  4               1  1              6        9      
    397  2 81718 213 663 51112 1 2 3 4 5 6 7 8 9  11  131415161718 62 2 221 2    4 3 9 1       5 0 7 8          14  16  18     6 110 6 1 1 3 6 110 6 1 1 31  1  2  3  4               1           4        0  8  9                                    1  1        4  5                     1  1  2        0  6      1     2  3         1        3                  1              0  6  7  8         
    398  2 81718 215 961 51112 1 2 3 4 5 6 7 8 9 011  1314151617   62 2 221 2    4 310 1       5 0   8 9 0      14      18    10 711 7 1 3 310 711 4 2 3 21  1  2              7      1                            10    12 13                        1           4  5  0  7               1           4        7   1  1  2            1  1     3                  1                       8  9      
    399  2 81732 3141071 61112 1 2 3 4 5 6 7 8 9 011  131415161718 62 2 221 12   9 4 5 1 2     5 6 0 8 9 0            17      11 6 6 1 5 3 219 7 7 3 2 3 21  1  2        5            1     2  3     0                11                      19      1  1  2  3        6                  1  1     3           7   1     2            1  1     3                  1           4                     
    400  2 81750 515 961 51112 1 2 3 4 5 6 7 8 9 011  131415161718 62 2 221 12   5 410 1     0 5 6 7 8 9 0      14      18     8 912 1 1 6 2 8 912 1 1 3 41  1           5     7      1  1     3  0           0  9                       0 18         1  1  2           0  7       10      1     2              7   1     2            1           4  5            1     2                 8  9      
    401  2 81735 414 653 51112 1 2 3 4 5 6 7 8 9101112131415161718 32 33111 12   5 4 3 1       5     8              16  18    12 7 3 3 1 1 212 7 3 3 4 3 21  1  2                     1  1  2  3                         12          16               1                    7  8            1        3  4            1  1  2            1  1  2                     1     2  3                        
    402  2 81726 315 772 61112 1 2 3 4 5 6 7 8 9101112131415161718 22 2 111 111  5 4 4 1 2     5     0 9               018    12 6 4 1 1 1 212 6 4 2 1 1 21  1                 7      1                            10  0 12                           1  1              6                  1  1  2                  1     2     4      1  1     3                  1              5  6               
    403  2 81734 311 653 51112 1 2 3 4 5 6 7 8 9101112131415161718 232331131111  6 4 9 1     4 0     8 0        14      18     5 710 2 1 1 3 5 710 2 1 1 31  1  2                     1                    7  8  9                                    1  1  2  3                           1  1  2  3               2                  2                           1  1              6  0  8         
    404  2 81719 215 871 51112 1 2 3 4 5 6 7 8 9101112131415161718 32 2 111 2    7 3 5 1 2     5 0   8 0        14      18    11 2 6 2 1 1 211 2 6 2 1 1 21  1                        1  1  2  3                      11                              1  0  2  3  4                        1     2  3  4            1     2            1  1                        1     2  3  4                     
    405  2 81738 414 961 61112 1 2 3 4 5 6 7 8 9 011  131415161718 62 2 221 12   8 4 9 1       5 0   8 9 0      14     018     8 610 7 1 1 5 8 7 2 1 5 1 51  1           5            1              5  0     8  9                                    1           0  5     7               1     2              7   1     2        5   1  1                        1           4           8  9      
    406  2 81745 515 772 61112 1 2 3 4 5 6 7 8 9101112131415161718 12 2 114  2   7 4 7 1 2     5 0   8 0        14    17      18 6 8 2 1 1 216 9 7 2 1 1 21  1  2                     1     2  3                                           18         1     2           6                  1  1  2                  1     2            1  1  2                     1                 6               
    407  2 81735 415 961 61112 1 2 3 4 5 6 7 8 9 011  131415161718 62 2 221 12   3 4 4 1       5 6 7 8 9 0      14      18     2 7 7 7 7 7 2 610 4 3 1 6 51  1  2  3                  1  1                       9 10 11 12                           1        3  4              9         1  0  2  3  0        7   1     2            1  1  2  3                  1                 6  7  8  9      
    408  2 81728 313 653 51112 1 2 3 4 5 6 7 8 9 011  131415161718 62 2 221 12   4 4 3 1       5 0   8 0 0      14  16  18    12 1 3 7 1 1 212 1 3 7 1 1 21  1     3  4               1                                  12 13 14 15                  1  1  2  3                           1     2  3           7   1     2  3  4      1  1  2  3                  1        3  0  5  6               
    409  2 81718 214 861 51112 1 2 3 4 5 6 7 8 9 011  131415161718 62 2 221 2    5 3 9 1       5 0   8 9 0      14  1617      10 710 2 1 1 310 710 2 1 1 21  1  2              7      1  1                               12       15                  1        3  0           8            1     2  3           7   1     2  3         1  1           5        8   1           0  5     0  8    10   
    410  2 81744 414 961 61112 1 2 3 4 5 6 7 8 91011121314151617   32 2 111 12   7 4 7 1     0 5 0   8 0        14      18     61110 1 1 3 4 611 6 1 1 6 41  1                 7      1                          9  0                16       19      1        3  0        7  0    10 11   1     2  3  0        7   1     2  3         1  1              6         1  1        4  0           9      
    411  2 81745 511 653 41112 1 2 3 4 5 6 7 8 91011121314151617   32 2 114  20  7 410 1     0 5 0   8 0        14      18    1911 1 4 1 4 5 2 6 1 5 3 4 21                 6  7     01  1  2  3  0                                   0    18         1  1  2  0  4                        1  1  2  3               1  1  2            1  1  2  3                  1  1  2                           
    412  2 81745 512 663 51112 1 2 3 4 5 6 7 8 9 011  131415161718 62 2 221 12   2 4 9 1       5 0   8 9 0      14      18    12 610 2 1 1 211 610 1 1 1 21  1        4               1     2                      10                                 1        3        6                  1     2                  1     2  3         1  1           5     7      1  1     3     5                  
    413  2 81735 413 961 51112 1 2 3 4 5 6 7 8 9 011  131415161718 62 2 121 12   4 4 9 1       5 0   8 9 0      14    17      11 710 2 1 1 211 710 2 1 1 21  1                        1                    7     0 10                                 1     2                    9         1     2           6      1        3         1  1                        1     2     4           8         
    414  2 81735 415 772 61112 1 2 3 4 5 6 7 8 9101112131415161718 22 2 111 111  4 410 1     4       8          14  16  18    18 212 4 5 6 218 611 7 7 1 11        3  4  5            1  1  2  3                                           18         1  1  2  3                           1  1  2     4            1     2            1  1  2     4               1     2  3  4              9      
    415  2 81733 312 653 51112 1 2 3 4 5 6 7 8 9  11  131415161718 62 2 221 12   6 4 4 1       5     8         014  16  18    11 7 4 1 1 2 3 2 1 3 7 2 3 31  1                        1                    7     9                                    1        3  4  5     7               1  1                     1     2            1        3                  1                          9      
    416  2 81718 212 653 41112 1 2 3 4 5 6 7 8 9101112  1415161718 22 2 111 2    8 310 1     4 0     8 0       014  16  18    13 711 1 1 1 313 711 1 1 1 31  1  2                     1                 6  0                13                19      1                 6  7               1  1                 7   1     2  3         2                           1                    7  8  9      
    417  2 81727 313 961 51112 1 2 3 4 5 6 7 8 9 011  131415161718 62 2 221 2    5 4 9 1     0 5 0   8 9 0      14      18    13 710 4 1 6 213 710 2 1 3 21  1  2  3                  1                            10 11 12 13 14                     1              5     7  8            1     2     4            1  1  2  3         1  1  2  3                  1           4  5        8         
    418  2 81719 214 663 41112 1 2 3 4 5 6 7 8 9101112131415161718 22 2 111 2    5 3 8 1             8 0        14 016  18     61013 7 7 4 4 61013 7 7 1 41     2              7      1        3        6  0     9  0       13                19      1  1  2           6  7  8            1  1     3        0  7   1     2     4      1  1        4               1     2     4  5        8    10   
    419  2 81725 3141071 61112 1 2 3 4 5 6 7 8 9 011  131415161718 62 2 221 2    6 4 5 1       5 0   8 9 0      14      18    13 5 6 2 1 1 2 9 710 1 1 1 21  1  2              7      1  1  2     4  0        8  0    11 12 13           0 18 19      1  1           5     7               1  1  2              7   1  1  2  3         1  1     3     0  6     8   1     2        5  0     8         
    420  2 81726 316 871 71112 1 2 3 4 5 6 7 8 9101112131415161718 62 2 221 2    7 3 3 1 2     5 0   8 9 0            17      10 7 8 1 1 1 311 8 3 1 1 1 31  1                 7      1  1                 7  8  9 10 11 12                   19      1  1  2           0  7          11   1  1  2  3               1     2  3         1  1     3                  1  0  2  3  0  5  0  7  8  9      
    421  2 81737 412 563 51112 1 2 3 4 5 6 7 8 9 011  131415  1718 62 2 221 12   5 410 1       5 0   8 0        14  16  18    19 7 1 7 7 1 210 111 2 1 1 31  1                 7      1                                              16    18         1           4     6          10      1     2     4            1     2  3         1  1     3                  1  1                              
    422  2 81742 415 961 51112 1 2 3 4 5 6 7 8 9101112131415161718 32 33111 111  6 4 5 1       5 0   8 0        14      18    12 8 9 2 5 6 212 8 9 2 7 6 21  1           5     7      1        3  0                            14       17            1  1              6                  1     2     0  5     7   1     2     4      1  1           5            1        3  4        7     9      
    423  2 81734 311 563 61112 1 2 3 4 5 6 7 8 9101112131415161718 1322 111 111  9 4 3 1       5 0   8 0      1314      18     7 910 7 1 3 4 7 910 7 1 3 31     2           6         1                          9  0                16          20   1     2        0  6        9         1  0  2              7   1        3     5   1  1              6         1              5  0     8         
    424  2 81725 314 772 61112 1 2 3 4 5 6 7 8 9101112131415161718 32 33111 111  7 4 9 1 2   4 0 0   8 0 0      14      18    11 712 2 7 1 511 7 8 1 7 1 31        3           7      1           4  0                         14                     1              5  0        9         1        3  0        7   1     2        5   1           4        0  8   1        3        6               
    425  2 81734 399 971 61112 1 2 3 4 5 6 7 8 9101112131415161718 2322 111 111  7 4 5 1 2   4       8          14  16  18     6 711 1 1 1 213 8 7 3 7 1 31           0  5  6  7      1                    7  8  9                         18         1                    7  8    10      1        3  4            1     2            1        3  4  5            1                 6  7     9      
